Iteration,Energy_mWh,Charge_mAh,Power_mW,Duration_Sec,Valid,Battery_%,Temp_C,Operations
1,20,5100,5,0000,1180,8470,62,53,true,75,30,6,740
2,41,0200,10,0000,2421,0906,60,99,true,74,30,6,756
3,40,7100,10,0000,1586,5847,92,37,true,73,30,6,760
4,20,4750,5,0000,1205,6529,61,14,true,72,30,6,761
5,20,3100,5,0000,1178,2071,62,06,true,72,30,6,760
